195.65 91.54
181.59 114.98
180.03 142.31
180.81 163.40
181.59 184.49
184.72 205.58
190.97 229.02
200.34 248.54
222.99 266.51
251.89 271.98
284.70 268.07
312.82 257.92
339.37 240.73
365.15 231.36
397.96 202.46
410.45 178.24
407.33 148.56
222.21 56.39
235.49 57.17
245.64 56.39
258.14 59.52
269.86 64.20
308.13 67.33
325.31 71.23
338.59 75.14
354.21 82.17
364.37 89.98
273.76 89.20
268.29 107.16
262.83 122.01
255.80 133.72
242.52 143.09
241.74 151.69
247.20 161.06
254.23 159.50
260.48 157.15
215.96 91.54
231.58 82.95
251.11 86.08
261.26 100.92
244.08 111.07
225.33 108.73
296.41 106.38
315.94 98.57
335.47 107.95
344.84 124.35
329.22 135.28
303.44 128.25
222.84 173.58
237.01 178.15
249.82 181.81
266.28 185.47
287.32 190.50
266.28 200.31
242.96 200.76
228.78 190.70
0.00 0.00
0.00 168.00
0.00 337.00
282.00 337.00
565.00 337.00
565.00 168.00
565.00 0.00
282.00 0.00
